Control_1	Control_2	Control_3	Heat_treated_1	Heat_treated_2	Heat_treated_3
g1	11.692447831017	9.05916853629858	9.7890229044056	10.5270541447319	10.2540464391286	10.3860345921037
g2	8.48858898835007	8.8924789362359	8.84498360184198	8.98663371469214	8.79646906266248	9.10151773310072
g3	13.5182049943477	12.9592644805891	13.1899836993708	13.2481588293772	13.7439763968431	12.943877074336
g4	5.61680894979819	6.19438587421896	6.42493347810185	5.8118616249903	5.33284597274931	6.68462935849978
g5	10.6273028918652	10.0196284958316	10.0078077675022	10.0366800499482	10.2410694644739	10.58172222822
g6	8.10002105882959	8.50880244727101	7.17679429547059	6.90400868190692	6.45486484091068	6.6931518688121
g7	8.38502916691938	7.56124522477257	7.95425334560937	8.42138518132664	8.394994469746	8.10855781862212
g8	11.2314640094639	12.038676120065	12.1887279334815	11.4571214456107	10.765343475724	11.8147734939867
g9	5.83580262967385	5.03046792528803	4.6870463274816	5.73130444298506	6.1308193094312	5.36269920151495
g10	8.69873258406364	7.29327059645204	7.50941953658026	6.85250504555655	6.81435742121145	7.45516122333468
g11	5.3279901486388	5.13817001054935	5.139842730816	6.4972046346272	4.94628175536749	5.98523066749412
g12	3.66022492113566	4.21324955156641	3.39468153990405	4.32833634487705	2.97183388364725	4.14941060447085
g13	5.28031788109873	7.49083085598004	5.5031534448361	3.6811338939751	4.27100221496289	4.10183476645473
g14	5.02198496091794	5.79664748012679	5.42479764544917	6.45281431680172	5.90752890959359	6.07385711462204
g15	10.4966086242958	10.3705441595975	10.5177100158612	10.0385690543187	9.72469108283474	10.0796636387314
g16	10.1099034954397	10.2893474712407	10.1334933292343	10.2882583542123	10.4807668746707	10.8402559808839
g17	9.31331227718262	9.20120818154321	8.91423074354856	9.94351977852594	10.2436085529014	9.5748047990271
g18	10.0634834832033	9.6918030420151	9.426793673432	8.99185816900539	8.55233578759279	9.69237248082124
g19	8.12942608016956	8.19171288107407	8.03001958479168	7.88569086086651	7.17086698976963	8.07622006267227
g20	9.64483816954361	10.1262460028305	10.6561483555747	10.7897414293471	10.6711993377649	10.2212757505061
g21	9.81098472931063	9.95620233321486	9.97719778470104	10.6932156004936	10.8783826240705	10.423952626358
g22	10.2596903953119	10.3188902725332	10.299159517298	8.68946851485426	8.86115452157283	8.8711184691918
g23	11.54821962633	11.5697061201077	11.5055060387584	11.2772922023751	10.4982352863289	11.2027799336826
g24	9.32421547103651	9.15174716797016	8.90692590604723	9.98760474208914	9.64971209276808	9.59565660619273
g25	11.6800451552072	11.3898471358152	11.3920235180966	12.2040132491595	12.3226611763999	12.2501665245321
g26	13.4594243828852	13.3279006951587	13.5990735534626	14.2460013019744	14.6186328570107	13.8125536310872
g27	6.90040551606992	6.73238361116703	6.46056143985194	6.49597512948799	5.87459230815137	5.86548700310621
g28	8.96266295032426	8.96810884298347	8.57752711590247	8.50003058806697	8.5054657878178	8.77739286555676
g29	12.08554140411	10.558720455664	10.7766069353697	11.5605687165957	11.7992681464914	11.6828237884728
g30	8.95827830236119	7.43160557154723	7.60629811094068	9.38975696398301	10.145015383651	9.25483635289654
g31	12.8828096365811	10.5470847388598	10.4867396911151	12.1567647457362	13.2744005791465	11.9699294127559
g32	11.4993344996794	11.7453219652451	11.4765206717543	9.28111473925746	11.0717341973785	10.1999703695471
g33	8.41373614520432	8.84598726766025	8.66806411355929	8.23503078473495	8.00856350854953	8.52366677185037
g34	9.79182415834035	10.8912641402211	10.9078271161603	10.2752664630377	10.2445939329341	10.2796440878144
g35	10.1198210796334	10.3796739873073	10.3038711411782	10.0035919699098	10.0932190938362	10.1872333934555
g36	10.3702217384709	8.59066512250777	8.28256689949509	9.98711116946475	9.85795578522079	9.5946817245243
g37	10.126686826886	10.1248393117165	10.1747677767711	10.560006537326	10.8700706673418	10.3049688193274
g38	7.6702513941162	7.56398354430017	7.66154714879206	6.77490992615609	5.87271544364192	7.40194609971712
g39	9.42070511730908	9.29842483981927	9.96466369517963	7.58700091396966	7.40894233856693	7.82719867689862
g40	9.13026336453378	10.0021845108988	10.0403026994554	9.70046703887436	10.0019838025653	9.54274698214317
g41	12.2740049641334	11.0755894056617	11.5346180223671	12.6278868548471	13.4782063432389	11.6955895901587
g42	7.0084149155123	8.10860392809454	8.19559826644857	8.3223127854163	8.33339125599452	7.48351750795005
g43	10.242146784178	10.2840544044522	10.3355036570011	9.64880166467489	10.2476176441143	10.28696372259
g44	10.1709890153282	11.1906905675502	11.6579722317166	11.0491299139745	10.4561393495165	10.645477332763
g45	8.14408802823836	8.14135120627831	8.25550874184197	8.51725884135046	8.34336978391389	8.32377952067826
g46	11.2092961621979	12.1010197841016	12.2772674779373	10.6353110249841	10.4240693361206	10.632049279101
g47	13.9518180864765	12.2375438462149	12.7567860659299	11.772901972934	12.4302203745137	12.4616190863847
g48	9.82386263938611	9.64615387438482	9.91155273340203	10.3218232355507	9.88128965075652	10.2401201938548
g49	9.62048209261229	8.96259243799452	9.15781481903741	9.07788678482062	9.08881037699048	9.12852488106789
g50	8.10608555524722	10.346292482262	9.90715017519654	8.19433772883064	8.36237066718229	8.16461734284596
g51	9.82201356202876	10.8561496654895	10.7760271617582	8.78750721624592	8.8015037689652	9.18391001238647
g52	8.82164592227683	8.437520641421	8.2761115774804	9.08475826868632	8.8600923933642	8.64416278824637
g53	10.5496423948541	10.8507594120423	11.1273343861441	8.82209151363289	9.79414029203758	9.86501090297071
g54	8.76482517562651	8.51493780437501	8.52870727778364	8.37236052576688	7.782049345121	8.86630326873739
g55	11.2595986870158	11.5135894446105	11.8866553687058	11.6410112850347	11.9426700381126	11.6056034877323
g56	6.5675528770852	7.05386667436199	7.23041833387956	6.58418221313015	6.39462523543527	6.60666082694224
g57	10.5714120270884	10.9969993641977	11.1055052665719	10.2975357600857	10.7708494002542	10.4456380842553
g58	11.2154359160586	9.9926501538831	10.4258462136936	11.0521517857176	11.0014680455442	11.3862376857573
g59	9.43406430701152	9.32031198385942	9.02321994359405	10.3365546789271	10.0242877625635	10.0537573298228
g60	5.07628157352084	4.69885634854902	5.0876463799485	4.85845052254069	4.35296562592011	4.99647040828469
g61	7.38230611964294	7.65201704774574	7.75078208091808	7.01571524125923	7.26312466819601	7.32774045673496
g62	7.63853169794484	7.54260082451568	8.10561719463031	8.35847322291877	7.44942023811586	8.54308014710524
g63	8.83493718707768	8.79226106129216	8.92653256769675	8.27817998944319	8.89632202988855	8.31306530082137
g64	9.91366201185583	9.83399553447115	9.97580077603772	11.7395200508428	11.4489413913521	11.8411867739705
g65	14.6779634803548	13.207090174614	13.7836309013612	14.5534116517826	15.519514054067	14.1943693148669
g66	7.11622028874195	7.1727910433995	6.73482229828952	8.01306932343122	7.2165934438467	7.01678026011289
g67	8.19139631762442	9.17073051263861	8.51370739848789	7.24571599554297	6.60131748485503	7.30109216912039
g68	7.91900976601759	8.70456286061774	8.07563952159454	7.30951141702193	6.60609753087344	7.22968844798054
g69	10.2656214104658	10.5783638025769	10.7297493385872	11.1044284613541	11.3826636604317	11.2489087068682
g70	6.21252838535045	7.66512228096703	6.59720933656947	7.01783874042886	7.2581416749392	7.28549123914765
g71	9.63943707994011	9.65749628149404	9.73449720923161	10.3616233651226	10.1299061079806	9.8169432214886
g72	9.68047252938504	9.58136925421632	9.28227755381781	10.2004994259385	10.119366543541	10.2521415149367
g73	11.1802504689735	11.4811579840518	11.2167832393396	11.3857996170264	11.6034843612232	11.1486856483554
g74	9.95888533754914	13.1805583101378	11.4299186517877	10.2048904079852	10.3145822007845	10.1336552551278
g75	8.9283945615496	8.68803015075952	8.60279257683642	9.38065763802693	9.40082355050614	9.29611628316708
g76	11.852688614908	11.7899858502087	11.8158027193361	11.588088423118	11.0418576754807	11.7716734009669
g77	10.1283821518376	12.5681209978979	11.9940785568368	9.34695507169158	10.4282333351006	10.6264293609482
g78	9.72575863324162	10.0762698354091	9.86624827206174	8.72030821954417	8.79876177552041	9.11379933249369
g79	12.8729773464018	12.1109815545904	12.6518459772063	13.4978374611454	13.2806552039206	13.3555270686842
g80	9.69446473993796	9.87755030662081	9.78887691289819	8.74596609719271	9.41752015838737	9.06066247623652
g81	11.5504944008945	10.0551963408744	10.2089017531599	11.2774462666949	11.8580145489167	12.3492121435239
g82	8.89742330535652	8.81480710968947	8.43382767978889	9.37062820969297	9.02593942208468	9.41732871638544
g83	9.48925193203022	9.31689395997463	9.38848989786362	8.591473155249	9.38090548914295	8.37381025621524
g84	11.5017945722233	11.7246379107895	11.7311140908812	10.9176788052898	11.1536772754038	11.2417376978296
g85	10.4992210871189	10.4994581682436	10.489824771574	10.0004184940605	10.3224541778622	10.4766011162172
g86	10.2392403217917	9.57100292640424	9.69442056062836	9.10523748412141	8.3769296884862	9.26764142547326
g87	6.18877716258335	6.80055775848488	6.35513130164884	5.78930100755141	5.42196061949428	6.24586560671343
g88	8.39801220854231	9.20483448737953	9.19060069782054	8.69206853975534	8.69959661545517	9.01093369239766
g89	6.86769231794323	7.39383275228082	7.3913702975744	7.32324500290382	6.69455771683579	7.33940172249297
g90	11.581228683363	11.3052849329013	11.2159628355117	11.1715823830775	11.1748193714789	11.4607436258767
g91	9.94267592917046	11.7196901690663	11.2572551017674	10.0969295000689	10.8344431365685	11.0702115148301
g92	8.55000176718036	8.17978469412312	8.31042992786745	7.50388795625077	7.22510987850428	7.90018050241514
g93	6.5777769420061	7.39622907655314	7.24284343593862	6.63657978412692	7.17933357264602	6.97801463525569
g94	9.38868242312686	9.53098682692289	9.70516291415987	9.1838199326681	8.41665575488802	9.10862765976151
g95	11.070719838463	9.55071155918066	10.0252172345641	11.1305280345843	11.451039097926	10.7285150375756
g96	13.6512567305949	12.2700724124462	12.9120081320339	13.1228867333908	13.5187294669469	12.9633492087321
g97	13.0489599277414	11.0543173721658	11.9002455624053	13.8858887166716	15.2092670937031	13.8927263547128
g98	4.06264614746551	3.97543558886319	3.7327927347298	6.17836585810487	6.15928366974674	4.33159016386391
g99	10.1479831190505	10.229592311441	10.1691735905279	9.42201658873579	9.45148761413825	9.74765249159144
g100	8.3501383994561	8.49812195074989	8.26149995789664	8.07973672639035	7.96428292324965	8.63285914728518
g101	11.0385605720925	13.4356912918821	13.4041019372948	11.3318224634186	10.9506349404982	11.1878198534558
g102	9.76593429820807	10.1980704584168	10.2611318094975	11.9850699106042	11.5901818465166	11.8554760000024
g103	6.18788185919168	6.04192326178353	5.74602883842789	5.32383532572252	4.90117479338014	5.91121746787525
g104	9.32150250070995	11.1016713434693	11.1074239801383	11.3503246937791	10.9047761628825	11.3324482388845
g105	10.3656590728624	9.81343761216342	9.6495398439774	9.52582030135193	8.76567749510689	9.65355333114962
g106	10.4152425131785	10.1796120372032	10.5374068038309	10.383530521782	10.34311537213	11.0955405884353
g107	10.6779594610813	10.4901222244769	10.4418291595796	9.86626900888487	10.0155494615492	10.004291686336
g108	11.4385353273384	10.6784782038505	10.8423943675038	11.8536693560474	11.8339504280632	11.1660701997939
g109	9.64967121272589	9.89433349499894	9.92577748453456	10.2108681874815	10.3508768334282	10.3766791103741
g110	13.3447806297187	13.0250640208078	13.310300346964	14.0338865148733	14.239964980515	13.4467547063903
g111	5.10842241221023	4.91709688509746	4.82794080384959	3.52692053657966	4.50017515894893	4.09562155967963
g112	9.61308840284993	9.54757047299351	9.89942600551048	10.5145880793594	10.3661655919861	10.2619342377175
g113	12.9655999904694	13.5476480815668	13.625560509533	11.9081193128654	12.1579629307946	11.9976955528329
g114	7.81849519904487	7.49578724071323	6.88406826819037	8.30913987717253	7.53759695678494	7.97732650155062
g115	7.80010103515677	8.85877345827658	8.57777098999067	8.51922534112021	9.24540512955694	8.47146522956581
g116	8.09952066854778	7.82697151933214	7.7144085823508	7.75341515028923	8.13776584920995	7.79614428681827
g117	9.99466796583639	9.70843865249026	9.69829176694699	10.5767658033793	11.6705451229432	10.6984935501931
g118	13.2112732064716	13.252238273968	13.2363333750896	12.1324526040695	12.3579195248948	12.2893401016845
g119	8.42087668874195	8.10858020666777	8.03732730584296	7.4979875667419	7.18120412390175	8.4328140537406
g120	10.7035226353302	10.1547637193985	10.1257574788861	9.32865257099263	9.2641619569636	9.99326590891931
g121	8.6440299523763	9.74397767197883	10.3938322534566	7.68977033893846	6.93804943198324	7.85692866991316
g122	14.489804885593	13.1989672600785	13.3017480266207	13.3196360499212	13.7201853634171	13.4758152551909
g123	11.570037797419	11.4080868209861	11.7186357528964	13.3638073867889	14.4388865288548	13.5190561263396
g124	8.42000443630251	8.27014593396331	8.61055721480608	9.50862964931535	9.49992296457667	8.76117308010446
g125	9.69258901243202	9.98790250616687	10.5796396225488	9.39428084679559	9.87319390418034	9.55175657369783
g126	9.12582781491775	9.52243518514234	9.60574474161523	8.08523072658914	8.08690241027204	8.74013679388498
g127	14.6266148502378	12.4894038757065	12.8403525167091	13.2066823275312	13.3991717311278	13.9738424020011
g128	8.49955230682703	7.85820695545231	7.96050027528524	9.30697344152513	10.4040852805863	9.49973954434096
g129	16.0111490225604	15.1247627641782	15.6769654777883	15.8101401501152	16.9418042299006	15.7775046210391
g130	11.180135857736	8.81527973333493	9.36279130298804	10.2553787982665	10.7874815994071	10.1873552391096
g131	13.1156440848462	12.6685909036382	12.9092562785648	12.0588653780914	12.103903654369	12.2209193879348
g132	11.0060468892045	9.11420216331779	8.90783130122145	10.2127692765675	10.433841488872	9.65474906433866
g133	17.2098783638708	15.3889835621783	15.7423314628454	15.9911827982091	16.6461203360589	15.799144356422
g134	11.1000485595592	11.0046455859033	11.3131764782513	11.5643376052417	11.8603364191063	11.5354913175675
g135	10.1547924965533	9.55704259095625	9.88870338714031	10.7430648176328	10.0979870937095	9.88820636886891
g136	13.0760496244379	10.6395347115483	10.8330124527786	13.3018797559448	13.1731607001187	13.4704584596653
g137	8.74609215072779	9.10528060000508	8.82412066550158	8.37241472038301	9.06259473142417	8.70236048875852
g138	8.81480076743587	8.88042670342481	8.25461130164099	7.92403881571757	8.08109600442815	7.59464018760569
g139	10.2609714193256	9.58136934520942	9.96762047860971	10.8112445869535	10.8275782790764	10.6322255378977
g140	8.43234440138186	8.6270167604969	8.60618436366922	7.17917370294399	7.48208178881997	7.89959518905374
g141	9.91524829739947	8.95713069757865	9.17891980558	9.54743137568838	10.5930891217846	10.5491224951876
g142	9.87924288817908	10.8127794487104	10.6313664099673	8.93505623280169	8.56179526251398	9.76139426794461
g143	9.89151818058656	10.15863501298	9.76675063539239	10.7288831976596	10.5471996669394	10.447973812614
g144	5.62079051392726	6.07864086329778	5.51558617037691	5.69540621409437	5.39206509997609	6.05318392317313
g145	10.1703519742571	10.5511032018262	10.4750286888166	11.4050757209199	11.4500201950369	11.0423895607974
g146	8.57694107592854	8.83887748857136	9.02221283971769	7.77275811383791	7.72514840668054	7.93056086035608
g147	7.00252013993058	7.87646386117094	7.24311385320356	6.68246161778099	6.2542719879061	7.3881435211317
g148	9.6170709654843	10.4143280007251	10.5254838561037	8.68256066558423	7.68547938527683	9.07971093752629
g149	10.074824759412	10.6989203540998	10.3569763651204	10.400223990715	10.4471433550402	10.4050345069633
g150	9.23308506283833	9.50436426667048	9.34461240525091	9.3285887654716	8.99386754733757	9.45796996318726
g151	9.67424670294872	12.2976835674559	11.7905299770991	10.1729127468703	11.5963611818765	10.7094646726483
g152	11.8122302820173	11.1477680177891	10.9131201603845	7.62213934836356	7.73678066534957	9.44186113336708
g153	10.8076186395998	9.90166035169428	9.7457981884576	10.6404885122529	11.5238905951563	10.834396875272
g154	9.31237445773633	9.06977085746906	9.2787125295265	9.59570657015491	9.46394677228563	9.0550396431928
g155	8.94921710689579	9.10531977943226	8.87019241755216	8.5364915003295	8.14970693926618	9.04925894257583
g156	9.82458213703204	9.90110937961111	9.98499082671621	8.19312164743464	8.49411349876498	8.81929696729801
g157	8.38477647228407	8.94135567898402	8.63291477998337	8.10023743198661	7.85032272913055	8.48905617031369
g158	9.75659042498957	9.50046102779421	9.39835187788939	9.76757219623961	10.4181705707521	9.95131834981503
g159	5.55707195514702	7.89981707152108	7.42548375044575	5.6595701351872	5.68515062097188	4.83404905903421
g160	10.5285275101743	11.0790944131895	11.1542568401647	9.44933415217502	9.49334628168006	10.0698384220449
g161	8.21763056254963	8.28428123916657	8.29807155721808	6.51090335515802	6.76850824471267	7.00116002065897
g162	14.3097210044418	14.7140361732546	14.7120434589172	14.4902761737074	15.0703121352611	14.1143215463226
g163	10.4787734864669	9.81550187904305	10.136510833216	10.8633545489107	10.7276004915066	10.8067223161393
g164	11.091255943168	11.7303297231924	11.2541377471952	11.1395649863331	10.9388785601475	10.6115943303514
g165	10.9323430146121	10.9642717422639	10.9672928440553	11.6906190799449	11.866905287115	11.1233602338132
g166	10.1756199444503	9.90837157320146	9.92547151130881	10.8144804026833	10.70618204979	10.5394672829028
g167	7.18492681087278	7.65709687539162	7.29744148076883	6.56630913784269	7.08535818227461	7.17861083994397
g168	11.1978787051594	11.7091281475939	11.7776598963926	11.2512766666617	11.9614115365263	11.6030556141545
g169	9.07291753378141	8.43583775144542	8.19573543127518	8.74482693581395	8.17560374007392	9.42605929417252
g170	12.1457029141117	11.4757948570227	11.7923780422589	11.6919311421923	11.9317502168502	11.2894447864215
g171	9.38122242035108	9.20642406498323	9.3202612466317	8.95705168011997	8.83697002698502	9.4818205288389
g172	9.47139921984805	13.3781001497432	11.7795467858224	12.175716960441	13.6392106276715	12.5824200310657
g173	12.7246370015216	12.1802237062295	12.7591555756709	10.2618517048109	11.0101448053328	10.9171635885492
g174	14.3304213947526	13.7594598661732	13.7733045305377	12.6536251777709	13.0776256780267	12.9428962590457
g175	9.62164758930102	8.17865944331268	8.15275685786117	7.9326448895808	8.10272431440308	8.17251918583344
g176	8.79842512993908	7.00884235245627	7.41347270671318	8.18832755350512	7.86662786284719	7.53586358288844
g177	13.4996173531991	11.5977554663975	12.0258909959043	12.5209705859965	13.0230624645349	12.2838328215402
g178	6.90378724303058	6.48567758954118	6.92239438355803	6.74830498903828	6.18932012416368	6.51087444597738
g179	6.78860071830293	6.25376011935671	6.50344560727489	6.62653673867386	5.72910302206916	6.17569260998469
g180	8.982901736448	8.93078051290274	8.8896023420807	9.1092925155481	8.55153665529361	9.15425636966625
g181	11.4999823119381	13.3195455453132	13.5993117877727	11.4196119231867	11.1281634896395	11.0929000197991
g182	9.69887021219949	9.99240770593648	10.0219756067721	10.2808302442784	10.1518607270519	9.93651723635985
g183	12.7382989064973	12.801564665137	12.7608113567246	13.6644822564637	14.0653361248044	13.2471606982501
g184	7.69672259418063	8.42644137106376	8.47222569275344	5.10176603857687	6.86610896121185	6.58352764483074
g185	11.1306329880303	11.0981038190034	10.9534069606767	9.32612601643105	9.63871655452597	10.1922908727428
g186	8.98198199492819	10.7867174538875	10.1019150603246	7.49525507670547	7.27567637646825	7.33246892731443
g187	2.15837831364684	2.46714087320347	2.32509815542961	3.43552175696187	2.78395056359394	2.81707765166374
g188	11.7934188204743	13.3962287816829	13.3585252928952	10.6828502714153	11.2119469246915	11.5153390620854
g189	4.0622695812298	4.73465935761894	3.95935309570656	7.05415450799485	7.19605842194537	6.70190512280067
g190	7.89701585224643	6.86837727820348	8.15294927889469	8.66551492014026	8.28160930303881	7.83604118375741
g191	10.2582081287673	11.6135036228695	11.6431496493161	10.2065083682478	9.97346878182359	9.88167811329656
g192	11.6456781681693	12.6885749120053	12.593958718354	12.0903058485107	12.5360997206248	11.7146359289092
g193	8.95472292308981	9.0788550283615	9.13300276998781	9.90609413084226	10.5494611574654	9.54467166829693
g194	6.81524137460574	6.42574570312388	6.28164059193618	7.36464183544475	7.03018242160073	7.43057304362605
g195	9.98600213680409	9.69271571606795	9.86646495884887	10.3045075078208	9.52658463255298	10.0162040229283
g196	9.23164260473295	9.36214526613068	9.31912425803639	9.45786443787632	9.95651878795417	9.27498609133201
g197	3.17205768407886	2.83665835662877	2.78318162275399	3.12748846050167	3.35822334993318	2.67430950480868
g198	6.78421328447919	6.92121645670943	7.35317269242165	7.55085920820746	6.82827140578537	7.55964057607263
g199	6.0788614179603	8.1672956247401	6.69447472738694	6.4541252946643	5.61481665529221	3.9230137511524
g200	11.2389892832374	12.7880948870582	12.7521197430407	11.5455393538792	11.0747369650786	11.7725986194591
g201	11.5086128727987	10.4113279681133	10.2939210454531	10.2964053306525	10.4374527734911	10.2802725748268
g202	8.47437408846872	8.51424420851998	8.41351759531019	9.11819603989789	8.78564773005452	8.85255696281933
g203	10.5249106849078	10.3826012938196	10.3747720766227	11.2735213336251	11.0072548756458	10.9558552395539
g204	10.772527831483	10.7345547032392	10.8633961528827	10.9327881488473	10.8552105098639	10.8833291960986
g205	6.73172754295106	6.47694241290781	6.53608699153799	6.91718839330839	6.87460538670529	7.4685204106341
g206	8.37720595037296	8.68189225880751	8.92545684961102	8.78134995461991	7.33695521778671	8.62448824553727
g207	10.5041262075085	10.3801994551907	10.3028474830806	11.1104250483992	11.3676262140645	10.9716398021269
g208	8.86407486204912	9.48435301672636	8.84284663987951	8.02696941231896	7.88935159690985	8.70997116716458
g209	11.7219048543182	11.1412104642957	11.3786851479725	11.6475681460028	12.1294467948037	11.8726002272033
g210	8.9151511870179	8.41102390573542	9.0629652954542	6.94433899330497	6.86135168817081	8.08655213925939
g211	9.48261781274351	9.39902093664763	9.55481254131337	8.21391386256999	7.91392197590687	8.87574480858766
g212	12.8559422592794	13.2777214930394	13.015489358512	12.2384180389675	13.0219583596157	12.3528542234593
g213	8.5925528546507	7.88874146039537	7.70033979111086	9.05496892610271	9.7785000568535	9.07690585766741
g214	7.77013778351781	9.41241771199951	9.1594372075114	8.74889277472926	8.72800965931446	8.01647530993419
g215	9.7091993797657	10.4491403545746	10.1813021492859	10.2340812331399	9.71335610249927	9.74982908664272
g216	10.6303597267438	10.5939613762724	10.6035084519342	10.3751206240079	10.4471765854428	10.535820989772
g217	12.5489950728592	11.6971473650453	12.0023581010315	12.918379760109	13.6590879880653	12.5073992666288
g218	8.87690444329376	7.27032050539094	7.52891487609071	8.51238048576172	8.37559590769336	8.25450140409547
g219	11.3539087204673	11.5195390529335	11.4556921180369	12.6302594013407	12.4422088228879	12.116764957116
g220	6.37437423583378	6.516810866943	6.42717175030009	6.64438848384017	5.89944905733794	6.08300504860939
g221	8.96604085723545	8.43168983356385	8.55582682821002	7.45707746070253	7.18976723807238	8.40091425721594
g222	10.0909055731096	10.3792976789184	10.3008250518815	9.3333180660731	10.0166823108388	10.2618264172962
g223	9.75305713012185	9.8062693776903	9.64147456378501	9.28556498071555	9.47668321488598	9.62610928718508
g224	9.6738298374847	9.4879919277682	9.54977093431325	9.60876780787041	9.2195233335626	9.601697626256
g225	10.9214877627081	9.34199167253634	9.55210209066347	9.89794050517711	10.462753481446	9.92996220080864
g226	5.95322417156227	6.68008123331512	5.89454855683235	4.98436124018231	5.95288643862845	6.44324546633165
g227	10.2164304044676	10.2682150761036	10.2933348620232	10.5262684819521	9.98241013975759	10.7181839499509
g228	11.638289738229	11.5067740143135	11.4218872103812	11.9388780515601	11.4707921089587	11.7285979262167
g229	16.3992167140822	13.8535368903014	14.680369827685	15.3580473887796	15.7145178887042	15.0632274735422
g230	7.12415434413471	7.63701410249231	7.03451289071861	7.84040985810675	7.02817250972425	7.87520641755695
g231	10.0537955903342	10.2621874806788	10.4934799724592	11.1248445327021	11.3161843530146	10.8687603598677
g232	9.6152956314786	9.7362148231743	9.9395987296648	10.7708793135022	10.347999474466	10.5837585893947
g233	11.1688120440125	10.9636019400321	10.9907809449343	11.2405560458435	11.2195191402781	10.7618887206776
g234	7.81502298514443	7.95144702841722	8.21270194134902	8.41028409107981	8.46119588380951	8.22394092938872
g235	11.2478476383895	11.5647601334162	11.8846267394651	9.72376626139515	9.45945895549837	9.91617522342624
g236	8.39420439148688	8.55442387194779	8.39998208297808	10.2698710719315	9.93496601734608	9.9001116560802
g237	11.7890945719085	10.4381729580615	10.9094840300677	11.5879457434291	13.179515293147	11.744080660457
g238	7.50287527889526	6.91726867126667	7.0171470672457	6.9796677620187	7.15384816132602	6.62475272495858
g239	7.56808048976879	8.73647002420139	8.53009617015264	8.04700681188659	7.70912907885389	8.21282629898965
g240	4.98645855786992	5.48946948633987	5.09156660144637	6.270765511437	4.94050044029843	5.54502745838877
g241	10.6403564381555	12.5014357682877	11.9633278714731	11.7753782304614	12.2599145925309	11.3265722759992
g242	8.05310949192217	7.80281261688652	7.96637313559641	8.33810460829096	8.38993168621286	8.56244560755489
g243	11.3200351575622	12.119465814442	12.0143793191941	11.4586064053076	11.1388662841954	11.1391309448411
g244	11.5772130238334	11.8399813776845	12.1230024259441	11.5221144857042	11.9317396097702	11.4090691558161
g245	12.3904725533259	12.9972341371312	13.1817288968738	11.5891915812684	12.0511695236097	11.8138422204008
g246	12.8603779350375	9.132133663718	9.9209933816435	11.3065468523436	10.495666143862	11.8259330669433
g247	11.9681521895176	10.0776383856059	11.0135074268933	12.0380412165777	12.0095558843798	12.2505816883273
g248	6.62565612038933	7.8174917148597	7.68355022438307	5.98606514031573	6.24822518584879	6.48492732845297
g249	8.53176335294369	10.6257830972375	10.1528750137409	9.60796224075911	9.40661655344343	9.278250784583
g250	6.52487357329276	6.93285196548872	6.89572327707445	6.74816154927239	7.02578224608434	6.99784972391757
g251	8.68347478874646	8.63860069898147	8.40425652172359	8.89015876717085	8.25058967489596	8.63943723000444
g252	8.99242829385591	8.98929388200211	8.75955313413245	8.41327746425277	8.35104186261466	8.52931528660563
g253	10.3964445837424	10.4854248899131	10.3945725023773	10.9779379303559	10.5493606123865	10.631618927844
g254	11.3375628368979	11.4462347316806	11.3086032138425	12.4273164116889	12.8409626432839	11.8623663755058
g255	10.8799378324354	11.0091357008713	11.1457243710037	10.2729436301652	10.5722516987265	10.0979982562266
g256	11.470187536211	9.50580376759449	10.1310489511973	11.5990998801829	11.9721594411147	10.4551838081795
g257	3.89585753026839	4.50704199254393	4.52981146684535	3.38081892403012	4.40386959496171	4.37788520994574
g258	13.4168804291584	13.1180856501275	13.4347444700404	13.9261156357939	14.2221427942029	13.5345484735785
g259	5.1123917437689	4.56530136471889	4.27642888026663	6.49270207691883	4.53190945437638	6.29178158112662
g260	8.20239994728116	7.91649886597745	7.63957408647294	9.22337078819201	8.73114016035808	8.10103621150632
g261	8.73970103757215	10.348271988942	9.79453910405299	8.91209905307923	8.63214456490521	9.18007750465239
g262	11.2230042556299	11.4155323409001	11.3166136649802	12.4994103872245	12.6258652928146	11.9181120751137
g263	3.65560839028851	3.35812847356313	3.35904742742981	6.23862515839669	6.49696715591694	5.55757225849081
g264	10.4179858471873	10.0485880718872	9.92037130948957	10.0312001080076	9.80339722821221	10.0236842714546
g265	4.23239752790812	4.16766875450553	4.49082091409401	2.87979997349298	3.26812702778785	2.73728780786463
g266	5.78267556081151	5.44535283332733	5.83982471271809	5.28345149753693	4.50496853699478	5.71439215699412
g267	5.68977795913651	5.15067323140976	4.03726648571358	3.9885115786633	6.7313846649517	3.67495039688045
g268	8.94211288941429	8.98858540431809	8.52249227545451	9.87321752175575	9.93113102793015	9.2838502463455
g269	10.3268491993603	10.5661009219451	10.6145500919863	11.0812003100102	11.2345536885116	10.7570471210439
g270	12.0925004550732	12.2630641149046	12.2724315816977	12.478214896852	12.8194525380757	12.0697320193315
g271	10.4195690496638	10.6348709330689	10.6517852438401	10.4089560837247	10.527517511686	10.8055511026201
g272	11.7951622822972	12.1097496961864	12.2691506118084	11.1412287416463	11.8506753133013	11.6170832668142
g273	8.83511978285803	8.7626878276929	9.10493937979211	9.71482813418285	8.72703781689439	9.33303661374129
g274	9.24417251354515	9.10917316262831	9.3112767524739	9.79424772081118	9.43636248385175	9.85693017838546
g275	10.1131248742848	9.47361961707077	9.88813299576873	9.13949095624934	9.02140186838088	8.48132982344646
g276	8.08337406929817	8.35925937999184	8.18315655574383	8.79745408820992	8.25712187146573	8.96922484481705
g277	8.52615985060263	8.67715928713173	8.45338584284467	8.6597576691882	9.113094324723	9.18664796271435
g278	3.94021604981629	6.05096174508707	6.16909133090073	4.05895574948756	3.09369593499308	3.19797558076682
g279	8.1039288914362	8.25115737689352	8.47659069726211	8.78992138843701	8.52850105659574	8.6720262691363
g280	6.37667090592697	9.15590670051728	9.36671664190639	6.36912876055156	5.29239032695566	5.78267098129597
g281	3.25141674776329	3.22956508617969	3.53230195450373	4.47230935777333	3.08822123374655	4.18233723812226
g282	10.9214020916644	8.62468006469337	9.08180445260855	10.9229443449593	11.7160028310589	10.6554624384157
g283	11.1958020964207	10.2691608879806	10.5018350041179	11.4112579307487	12.2908962727537	10.9032626953564
g284	9.40332613148134	10.132700106659	10.0556469920553	9.95331012396774	9.5902591812588	9.95647405651293
g285	9.42293686747159	9.86856901899091	9.64773505067754	10.0396929956017	9.58492012717903	10.1214371860863
g286	12.2824313444724	11.8365861826257	12.0884615073582	12.8685476872857	13.2105800516388	12.3367244596965
